1403715285.362143 -0.015795 0.089136 0.087706 
1403715285.612143 -0.015975 0.086695 0.085542 
1403715286.162143 -0.021194 0.089387 0.076548 
1403715286.362143 -0.020826 0.092765 0.078017 
1403715286.562143 -0.018782 0.097958 0.082669 
1403715286.762143 -0.018325 0.102196 0.085191 
1403715286.962143 -0.017221 0.099779 0.085044 
1403715287.162143 -0.016953 0.099155 0.083006 
1403715287.312143 -0.017166 0.098032 0.082278 
1403715287.512143 -0.016349 0.097785 0.084653 
1403715287.712143 -0.016075 0.098151 0.085204 
1403715287.912143 -0.015300 0.099728 0.088375 
1403715288.112143 -0.014717 0.101531 0.087472 
1403715288.312143 -0.014690 0.102245 0.087525 
1403715288.512143 -0.014741 0.103067 0.087738 
1403715288.712143 -0.015049 0.107004 0.087562 
1403715288.912143 -0.015426 0.108443 0.088892 
1403715289.112143 -0.016224 0.107984 0.087552 
1403715289.312143 -0.014642 0.107788 0.094679 
1403715289.512143 -0.014450 0.108612 0.094937 
1403715289.762143 -0.019549 0.116123 0.098389 
1403715289.962143 -0.019936 0.116531 0.098062 
1403715290.212143 -0.020292 0.114434 0.098067 
1403715290.462143 -0.020464 0.113717 0.097386 
1403715290.712143 -0.020431 0.114361 0.097234 
1403715290.962143 -0.019500 0.114370 0.100476 
1403715291.212143 -0.019175 0.114862 0.103289 
1403715291.462143 -0.020330 0.114263 0.101223 
1403715291.762143 -0.020058 0.115774 0.101657 
1403715292.062143 -0.019511 0.116399 0.110167 
1403715292.312143 -0.019709 0.116108 0.109048 
1403715292.562143 -0.020048 0.116539 0.108564 
1403715292.812143 -0.023342 0.119429 0.106617 
1403715293.112143 -0.022998 0.120232 0.106790 
1403715293.412143 -0.022834 0.120084 0.106758 
1403715293.712143 -0.022633 0.119760 0.107115 
1403715294.012143 -0.022572 0.120289 0.107021 
1403715294.362143 -0.022895 0.120227 0.106921 
1403715294.712143 -0.022168 0.119656 0.106958 
1403715295.062143 -0.021904 0.119467 0.107172 
1403715295.412143 -0.021780 0.119414 0.107474 
1403715295.762143 -0.021714 0.119053 0.106906 
1403715296.112143 -0.021785 0.120144 0.106156 
1403715296.462143 -0.021698 0.120537 0.105328 
1403715296.862143 -0.021863 0.121356 0.105962 
1403715297.262143 -0.021667 0.121532 0.104186 
1403715297.662143 -0.020392 0.122547 0.104752 
1403715298.062143 -0.019477 0.124665 0.102930 
1403715298.362143 -0.019125 0.124930 0.103664 
1403715298.662143 -0.018936 0.125208 0.104501 
1403715298.962143 -0.018005 0.127164 0.106281 
1403715299.312143 -0.017697 0.127269 0.107397 
1403715299.662143 -0.017270 0.126747 0.108385 
1403715299.962143 -0.017226 0.126101 0.108333 
1403715300.262143 -0.017480 0.125278 0.108002 
1403715300.562143 -0.017871 0.124270 0.107434 
