1403715285.362143 1.984563 1.984558 0.201428 0.085038 0.084907 0.021127 
1403715285.612143 1.992618 1.992613 0.202254 0.087719 0.087611 0.021899 
1403715286.162143 2.595851 2.595845 0.263598 0.134383 0.134250 0.030666 
1403715286.362143 2.596360 2.596353 0.263650 0.134522 0.134393 0.030625 
1403715286.562143 2.597546 2.597539 0.263772 0.134760 0.134641 0.030549 
1403715286.762143 2.598730 2.598723 0.263893 0.135016 0.134901 0.030592 
1403715286.962143 2.835892 2.835889 0.288201 0.175349 0.174904 0.042844 
1403715287.162143 2.836973 2.836970 0.288309 0.175597 0.175154 0.042987 
1403715287.312143 2.837440 2.837437 0.288357 0.175683 0.175242 0.042980 
1403715287.512143 2.885639 2.885637 0.293252 0.182248 0.181874 0.044052 
1403715287.712143 2.886706 2.886703 0.293361 0.182423 0.182052 0.044167 
1403715287.912143 2.953293 2.953289 0.300133 0.190891 0.190614 0.045349 
1403715288.112143 2.994782 2.994777 0.304363 0.196257 0.196069 0.046101 
1403715288.312143 2.995808 2.995803 0.304467 0.196448 0.196264 0.046162 
1403715288.512143 2.996833 2.996828 0.304571 0.196647 0.196465 0.046270 
1403715288.712143 3.043083 3.043078 0.309294 0.202639 0.202506 0.046828 
1403715288.912143 3.059196 3.059190 0.310940 0.205680 0.205557 0.047636 
1403715289.112143 3.060196 3.060191 0.311042 0.205921 0.205797 0.047877 
1403715289.312143 3.122818 3.122814 0.317468 0.217421 0.217270 0.049514 
1403715289.512143 3.123801 3.123797 0.317568 0.217606 0.217458 0.049548 
1403715289.762143 3.231522 3.231518 0.328533 0.231095 0.230819 0.052239 
1403715289.962143 3.233398 3.233395 0.328727 0.231462 0.231195 0.052332 
1403715290.212143 3.293745 3.293742 0.334882 0.240453 0.240200 0.056821 
1403715290.462143 3.297300 3.297297 0.335246 0.241087 0.240843 0.056980 
1403715290.712143 3.300853 3.300850 0.335610 0.241686 0.241452 0.057113 
1403715290.962143 3.344958 3.344956 0.340126 0.248963 0.248812 0.059293 
1403715291.212143 3.500108 3.500100 0.356171 0.271635 0.271613 0.070769 
1403715291.462143 3.503460 3.503453 0.356511 0.272106 0.272087 0.070755 
1403715291.762143 3.509298 3.509290 0.357103 0.272895 0.272881 0.070971 
1403715292.062143 3.720850 3.720833 0.378631 0.296219 0.296120 0.072557 
1403715292.312143 3.726353 3.726335 0.379190 0.296868 0.296768 0.072503 
1403715292.562143 3.729510 3.729493 0.379513 0.297205 0.297103 0.072585 
1403715292.812143 3.938590 3.938575 0.400697 0.315303 0.315220 0.075464 
1403715293.112143 3.943816 3.943802 0.401234 0.315556 0.315480 0.076042 
1403715293.412143 3.952765 3.952751 0.402146 0.315877 0.315805 0.076243 
1403715293.712143 3.961702 3.961688 0.403051 0.316118 0.316051 0.076389 
1403715294.012143 4.029671 4.029659 0.410001 0.320023 0.319994 0.079401 
1403715294.362143 4.043676 4.043664 0.411393 0.320273 0.320245 0.080829 
1403715294.712143 4.065684 4.065673 0.413591 0.320677 0.320653 0.082645 
1403715295.062143 4.087565 4.087554 0.415808 0.321198 0.321173 0.082708 
1403715295.412143 4.109314 4.109303 0.418028 0.321914 0.321883 0.083251 
1403715295.762143 4.130927 4.130917 0.420229 0.322903 0.322870 0.083366 
1403715296.112143 4.152405 4.152396 0.422389 0.324175 0.324136 0.084480 
1403715296.462143 4.173757 4.173748 0.424555 0.325666 0.325631 0.084835 
1403715296.862143 4.205545 4.205534 0.427827 0.328197 0.328184 0.087403 
1403715297.262143 4.252313 4.252301 0.432578 0.332322 0.332296 0.087610 
1403715297.662143 4.298513 4.298500 0.437270 0.337160 0.337094 0.088938 
1403715298.062143 4.344142 4.344128 0.441940 0.343020 0.342857 0.090754 
1403715298.362143 4.363616 4.363601 0.443924 0.345830 0.345696 0.091023 
1403715298.662143 4.371625 4.371610 0.444747 0.347140 0.347016 0.091528 
1403715298.962143 4.379615 4.379602 0.445572 0.348502 0.348362 0.093227 
1403715299.312143 4.392344 4.392334 0.446874 0.350748 0.350580 0.093938 
1403715299.662143 4.412347 4.412337 0.448926 0.354515 0.354296 0.094465 
1403715299.962143 4.424948 4.424939 0.450217 0.357151 0.356914 0.094611 
1403715300.262143 4.432800 4.432792 0.451024 0.359014 0.358773 0.094705 
1403715300.562143 4.440628 4.440619 0.451832 0.360977 0.360754 0.094854 
