1413393224.205760 0.689778 9.306464 3.024903 -0.146203 9.456639 2.605132 
1413393224.405761 0.595883 9.308597 3.038266 -0.146778 9.455906 2.607760 
1413393224.705760 0.428169 9.304794 3.077917 -0.150512 9.455853 2.607741 
1413393224.955760 0.535729 9.294845 3.091111 -0.150641 9.455373 2.609471 
1413393225.205760 0.498403 9.304225 3.069055 -0.149664 9.455995 2.607274 
1413393225.505760 0.155551 9.337165 3.004872 -0.151035 9.455822 2.607822 
1413393225.755760 0.051652 9.372610 2.896138 -0.152397 9.455471 2.609013 
1413393226.055760 0.108890 9.393521 2.825952 -0.155934 9.453690 2.615254 
1413393226.355761 0.078513 9.428358 2.708505 -0.160857 9.454108 2.613441 
1413393226.655761 0.017280 9.429517 2.705554 -0.159553 9.453679 2.615072 
1413393226.955760 -0.012416 9.433498 2.691667 -0.161049 9.453330 2.616243 
1413393227.255760 0.010409 9.435866 2.683361 -0.161319 9.452614 2.618812 
1413393227.555760 0.001156 9.439052 2.672156 -0.162061 9.453043 2.617216 
1413393227.905761 0.005561 9.442172 2.661103 -0.164651 9.452358 2.619527 
1413393228.255760 0.017338 9.444435 2.653009 -0.165121 9.452889 2.617578 
1413393228.505760 0.022443 9.444304 2.653437 -0.166737 9.452451 2.619061 
1413393228.905761 0.020184 9.443121 2.657661 -0.166639 9.452583 2.618588 
1413393229.255760 0.012775 9.443350 2.656894 -0.164732 9.452008 2.620783 
1413393229.605761 0.006949 9.444408 2.653150 -0.165342 9.451754 2.621666 
1413393230.005760 -0.001366 9.444683 2.652184 -0.166925 9.450975 2.624368 
1413393230.605761 0.017164 9.435488 2.684657 -0.163866 9.447810 2.635934 
1413393231.055760 0.001964 9.438667 2.673512 -0.158281 9.444880 2.646754 
1413393231.405761 0.002837 9.440990 2.665294 -0.161876 9.445176 2.645477 
1413393231.755760 0.007579 9.441799 2.662418 -0.160161 9.445038 2.646073 
1413393232.155761 0.009241 9.442236 2.660864 -0.159867 9.445291 2.645192 
1413393232.405761 0.008889 9.441462 2.663612 -0.159273 9.444263 2.648896 
1413393233.005760 0.008183 9.443649 2.655850 -0.158790 9.443970 2.649969 
1413393233.155761 0.007101 9.444033 2.654487 -0.158432 9.443647 2.651137 
1413393233.555760 0.004374 9.443786 2.655375 -0.159007 9.442327 2.655803 
1413393233.705760 0.006260 9.443659 2.655819 -0.158084 9.443272 2.652495 
1413393233.855761 0.003116 9.443030 2.658058 -0.157387 9.442422 2.655562 
1413393234.005760 0.002004 9.442301 2.660650 -0.157325 9.441684 2.658188 
1413393234.255760 0.001188 9.441939 2.661934 -0.155983 9.441492 2.658946 
1413393234.405761 0.002377 9.441776 2.662512 -0.154134 9.441473 2.659125 
1413393234.505760 0.003229 9.441499 2.663494 -0.153196 9.441560 2.658870 
1413393234.655761 0.004411 9.441155 2.664709 -0.151334 9.441699 2.658481 
1413393234.905761 0.000814 9.441275 2.664290 -0.154649 9.440801 2.661482 
1413393235.155761 0.000523 9.441707 2.662758 -0.155009 9.440814 2.661410 
1413393235.505760 0.002240 9.442286 2.660701 -0.154063 9.441703 2.658310 
1413393235.505760 0.007900 9.442885 2.658564 -0.151627 9.442498 2.655626 
1413393235.805760 0.006085 9.442972 2.658260 -0.153740 9.442597 2.655151 
1413393236.405761 0.011452 9.444544 2.652653 -0.152233 9.442924 2.654079 
1413393237.205760 0.020166 9.446443 2.645833 -0.142421 9.443154 2.653801 
1413393237.955760 0.036908 9.446544 2.645291 -0.028713 9.442854 2.658530 
1413393238.205760 0.036788 9.446404 2.645790 -0.025675 9.442819 2.658688 
1413393238.905761 0.033169 9.445502 2.649056 -0.022927 9.442019 2.661556 
1413393239.055760 0.033299 9.444706 2.651893 -0.022067 9.441496 2.663414 
1413393239.155761 0.032782 9.444461 2.652772 -0.022482 9.441360 2.663892 
1413393239.355761 0.031425 9.444424 2.652920 -0.023726 9.441341 2.663949 
