1413393224.205760 2.817411 2.796101 
1413393224.405761 2.826353 2.809346 
1413393224.705760 2.844810 2.843729 
1413393224.955760 2.850091 2.846543 
1413393225.205760 2.851197 2.847958 
1413393225.505760 2.831538 2.837604 
1413393225.755760 2.826883 2.832016 
1413393226.055760 2.834607 2.834931 
1413393226.355761 2.844670 2.837340 
1413393226.655761 2.843104 2.838217 
1413393226.955760 2.852596 2.846897 
1413393227.255760 2.845872 2.834728 
1413393227.555760 2.845878 2.834404 
1413393227.905761 2.842494 2.831346 
1413393228.255760 2.848581 2.842166 
1413393228.505760 2.857638 2.851914 
1413393228.905761 2.854687 2.849693 
1413393229.255760 2.859254 2.848643 
1413393229.605761 2.859164 2.837881 
1413393230.005760 2.861188 2.840029 
1413393230.605761 2.851471 2.768834 
1413393231.055760 2.854834 2.788899 
1413393231.405761 2.858469 2.776731 
1413393231.755760 2.851488 2.762290 
1413393232.155761 2.846336 2.794175 
1413393232.405761 2.850429 2.809484 
1413393233.005760 2.856570 2.836816 
1413393233.155761 2.856613 2.840183 
1413393233.555760 2.859348 2.837784 
1413393233.705760 2.851566 2.834944 
1413393233.855761 2.852750 2.836560 
1413393234.005760 2.854285 2.837806 
1413393234.255760 2.855518 2.840673 
1413393234.405761 2.855570 2.841560 
1413393234.505760 2.855724 2.843034 
1413393234.655761 2.854053 2.843620 
1413393234.905761 2.856521 2.842249 
1413393235.155761 2.852738 2.837547 
1413393235.505760 2.845968 2.832947 
1413393235.505760 2.847873 2.838016 
1413393235.805760 2.846932 2.820370 
1413393236.405761 2.860039 2.826162 
1413393237.205760 2.871519 2.888239 
1413393237.955760 2.921669 2.700357 
1413393238.205760 2.927508 2.722289 
1413393238.905761 2.883020 2.749240 
1413393239.055760 2.875885 2.753855 
1413393239.155761 2.872866 2.754398 
1413393239.355761 2.873595 2.754341 
